   2.0000000e+00   1.1467858e+00   1.8901065e+00   3.7565278e-02  -4.5793997e-01  -7.6002850e-01  -1.3004537e+00
   2.0000000e+00  -1.0473825e-01  -1.1314555e+00   1.0837968e+00  -1.1528099e-01  -9.0132570e-01   2.2007026e+00
   1.0000000e+00  -5.2459860e-01   7.3342250e-01   3.1831073e-01  -6.4892102e-01  -2.2404477e-01  -3.0805328e-01
   2.0000000e+00  -2.7095773e+00  -1.7177083e+00  -1.7582295e+00   5.3364276e-01  -1.8707135e-01   1.5851386e+00
   2.0000000e+00  -5.6320798e-01  -4.6289749e-01   9.0431830e-01  -1.6284242e+00  -1.0283572e+00  -1.7374817e+00
   2.0000000e+00  -2.2894068e-01  -1.1211524e+00   1.0135159e+00  -3.0904157e-01   5.8684411e-01  -7.0009842e-01
   2.0000000e+00  -2.4183073e+00   3.0857457e-01  -8.1561421e-01   4.8637247e-01   2.6179253e-01   2.5663468e-01
   2.0000000e+00  -4.1052015e-02  -1.2599629e-01   9.5690950e-01   9.4751662e-01  -1.0232075e+00   1.4215860e+00
   2.0000000e+00  -7.2160440e-03  -5.9438936e-01  -5.8270377e-01   4.6705838e-01  -1.2801908e+00   6.3991596e-01
   2.0000000e+00  -1.2643549e+00  -6.2230951e-01  -3.7080235e-01  -5.0923280e-01  -1.5085510e+00  -7.6359482e-01
   2.0000000e+00   1.8607178e+00   1.1526758e+00   9.5233593e-01   8.7762977e-01  -1.0123335e+00  -8.0200258e-01
   2.0000000e+00   2.7523748e-01   9.3562664e-01  -8.4135610e-01  -1.5641612e+00   4.5435080e-01  -1.0257339e+00
   2.0000000e+00  -1.7795796e-01  -1.1761113e+00  -3.4189502e-01  -7.0297146e-01  -1.0936643e-02  -4.5527144e-01
   2.0000000e+00   6.3792738e-01  -3.4496739e-01  -2.9024110e-01  -5.8368570e-02   1.1370621e+00   1.2363368e+00
   2.0000000e+00   1.0674985e-01   1.1029668e-01  -3.9278230e-01   9.9577751e-01   1.1293078e+00  -8.7550989e-01
   1.0000000e+00  -3.3358678e-01  -5.2414475e-01   6.7360411e-01  -2.5991289e+00  -4.4592612e-01   5.8649202e-01
   2.0000000e+00  -7.0323989e-01   2.8517766e-01  -8.2939072e-01   7.8451061e-03  -1.4236078e+00  -4.4871379e-01
   1.0000000e+00   1.9896561e+00  -9.1967698e-01   1.7334770e-01   8.6945274e-01   5.5210296e-01   2.8832369e-01
   1.0000000e+00   1.5844773e+00  -1.1324250e+00   4.5735549e-01   7.4554604e-01   9.2741606e-01   1.6316646e-01
   1.0000000e+00  -6.0368211e-01   7.1630905e-01   1.2385701e-01   2.4993715e-01   7.9581419e-01   1.6116561e-01
   2.0000000e+00  -8.8531729e-02  -2.6129487e-01  -1.9130722e-01  -8.3118859e-01  -9.7639986e-01   1.6437478e+00
   2.0000000e+00  -5.1977244e-01  -6.6780492e-01   9.5761348e-01   2.1946743e+00  -8.6612403e-01  -1.1853424e+00
   2.0000000e+00  -2.0067586e-01   9.8381776e-01   1.1680480e+00  -4.7357474e-01  -7.7523049e-02   9.9078349e-01
   2.0000000e+00  -4.5753748e-01  -2.8965223e-01  -1.6431259e+00  -1.4201193e+00  -2.9158683e-02  -3.2545327e-01
   2.0000000e+00  -7.7140233e-01  -4.9582769e-01  -1.8181303e+00  -7.0431388e-01  -1.3430499e+00  -1.0025405e+00
   1.0000000e+00  -8.4739432e-01   6.0514975e-01   3.6161931e-01   1.7547216e-01   5.8274322e-02   6.3169518e-01
   2.0000000e+00   8.4993639e-01   1.5198445e+00  -6.2756958e-01   1.2595963e+00   1.0686986e+00   8.6836018e-01
   2.0000000e+00  -1.9513846e+00   1.2075723e+00  -1.6143103e+00   2.0897209e+00  -2.5111503e-01   7.0147070e-01
   2.0000000e+00   1.0430167e+00  -3.4701799e-01   1.6410639e+00   7.7424243e-01   1.2692356e+00  -2.1727372e+00
   2.0000000e+00  -2.8612625e-01  -8.1273829e-01   1.3340744e+00  -9.3763540e-01   1.4015543e-01   1.1740626e+00
   2.0000000e+00  -4.2047047e-01   1.1255943e+00  -3.1255229e-01  -1.8343008e+00   5.5255735e-01   1.6140865e+00
   2.0000000e+00  -4.6537019e-01  -2.1348497e-01  -3.5627473e-01  -3.2364008e+00  -3.2506986e-01   8.5863459e-01
   1.0000000e+00   1.1006830e+00   1.8251311e+00   3.9497567e-01  -1.5027661e+00  -1.8739478e-01  -3.8243187e-01
   2.0000000e+00  -4.3955868e-01  -1.2103920e+00   3.2936319e-02  -4.5920447e-01   1.1702099e+00  -1.2893333e+00
   2.0000000e+00  -8.6277165e-01   1.5920278e+00   1.6786785e+00  -7.1913119e-01  -1.0985402e+00   2.8862953e-01
   2.0000000e+00  -2.9889491e-02   1.1767269e+00   1.0936452e+00   2.8131533e-01  -5.1537595e-01   6.2039509e-01
   2.0000000e+00   5.1768636e-01  -3.1922638e-01   1.2503214e+00  -3.4157878e-01   1.2991515e+00  -1.7917281e+00
   2.0000000e+00  -6.9138517e-01   4.7675600e-01  -9.7883275e-01   6.3313030e-01  -3.7981390e-01  -6.2579510e-01
   2.0000000e+00  -1.5675087e-01  -9.0319515e-02   3.7252538e-01  -1.0447162e+00  -1.8300039e+00   1.1096768e+00
   2.0000000e+00  -1.0753405e+00  -1.3782140e+00   1.5353028e+00  -8.5651386e-01   1.0903211e+00   5.1235956e-01
   2.0000000e+00  -1.3272999e+00  -7.5264123e-01  -1.1100010e+00   1.0809687e+00   5.0917760e-01  -8.5957082e-01
   2.0000000e+00  -4.6527628e-01   1.5816705e+00  -2.5915189e+00   1.1004789e+00  -2.4360592e-01   1.3690135e+00
   1.0000000e+00  -1.1136180e+00  -3.5611026e-01   7.6525935e-01  -3.3001147e-01  -7.1250809e-01  -4.5974297e-01
   2.0000000e+00  -9.4276189e-01  -1.1988112e+00  -1.6028002e-01   5.7002850e-01  -3.4461858e-01  -7.4314270e-02
   2.0000000e+00   1.5361010e+00   8.7795405e-01   1.3421113e+00  -1.0883744e+00   2.3627906e+00  -1.4762583e+00
   1.0000000e+00   7.5344965e-01  -8.4688791e-01   2.4144133e-01  -9.3418670e-01   1.2742050e+00   7.1644591e-01
   2.0000000e+00   1.9190677e-01  -1.1954771e+00  -1.1282545e+00   1.1590682e+00  -1.1353657e+00   9.7039409e-01
   1.0000000e+00  -9.9225873e-01  -3.5699364e-01   9.2397528e-02  -1.4616548e-01   7.2925121e-01   3.9676476e-01
   1.0000000e+00  -1.0482289e+00   1.0954844e+00   3.0593400e-01  -3.3614364e-01   7.6813442e-01  -7.8741981e-01
   1.0000000e+00  -4.6531045e-02   2.6846910e+00   2.3813743e-01   9.1209121e-01   9.9446818e-02   2.0748679e-01
   2.0000000e+00  -1.9529743e+00   4.0738226e-01   2.4077063e-01   4.6683740e-01   6.7811732e-01  -1.0579774e+00
   2.0000000e+00  -5.4693062e-01  -1.2883454e+00  -1.3814828e+00  -8.2241085e-01  -1.7478384e+00  -7.7771922e-01
   1.0000000e+00  -3.4219969e-01  -2.0532397e-01   1.2536740e-01   5.5125817e-01  -9.6345795e-01   5.7581418e-02
   1.0000000e+00   2.9133910e+00   3.0939204e-01   8.1762596e-01   9.1706968e-01  -3.4779381e-01  -1.7033579e-02
   2.0000000e+00  -6.0546755e-01  -8.1894265e-01  -2.8854825e-02  -7.2738926e-02   1.9638146e+00   3.2758006e-02
   2.0000000e+00  -9.3902229e-02  -2.9573354e-01  -1.0161046e-01   4.2058125e-01  -1.6922297e-01  -1.8375781e+00
   2.0000000e+00   7.6365949e-01   7.5318284e-01   5.0919914e-01  -6.1326146e-02  -9.2720008e-01   9.9855916e-01
   2.0000000e+00  -1.7173122e+00  -1.0744824e+00   1.4390710e+00   4.3036348e-01   6.8719571e-01  -1.0757178e+00
   2.0000000e+00  -4.5704069e-01   5.2632570e-01   5.4033446e-01   1.2391370e+00  -1.9869290e-01   1.3626538e+00
   1.0000000e+00   4.6221298e-01   5.9384772e-01   3.5197137e-01   8.6420517e-01  -3.4312957e-01   8.8889802e-02
   2.0000000e+00   1.2269218e+00   2.1556510e+00  -7.2844015e-01  -7.8205689e-01  -8.2816750e-01  -7.1472947e-01
   2.0000000e+00  -3.9027164e-01  -6.7921053e-02  -1.0948558e-01  -9.8046752e-01  -2.2510092e-01   2.1562937e+00
   2.0000000e+00  -9.8502356e-01  -2.1083207e-01  -1.6537860e+00  -2.1433503e-01  -2.6396733e-01  -1.4061833e-01
   2.0000000e+00  -6.2624954e-01  -3.3550404e-02  -7.3353903e-01  -1.7834087e+00   2.3148917e-01  -2.3434285e-01
   2.0000000e+00   1.8912524e+00  -6.7185858e-02  -1.5974406e+00   1.3022213e+00   2.7557036e-01  -4.6502435e-01
   1.0000000e+00  -4.5769372e-01  -1.9068995e-01   5.1491321e-01  -2.8547480e-01  -6.0916767e-01  -5.5479111e-01
   2.0000000e+00  -1.0692877e+00  -1.4562624e-01   2.7674926e+00  -1.1189537e+00  -1.1136974e+00   6.5338801e-01
   2.0000000e+00  -2.4386681e-01  -1.4449463e-01  -1.1187545e+00   4.1062781e-01   1.3009176e+00  -1.0884655e+00
   2.0000000e+00   6.6588970e-01   6.8894571e-01   1.8666184e-01   1.6864239e-01   8.1918759e-01   1.7728904e+00
   2.0000000e+00  -5.2429089e-01   2.5560006e+00  -5.5714757e-01   8.8480098e-01   1.2621500e+00  -1.4391429e+00
   2.0000000e+00   2.7416432e+00   1.0390998e+00  -7.7399123e-01  -3.0212973e-01   9.8083249e-01   1.2959006e+00
   2.0000000e+00   7.1735036e-01   6.9445773e-02   1.8718067e+00  -1.0986501e+00   1.7420603e-01  -8.8057420e-01
   2.0000000e+00   1.0418911e+00   9.4865007e-01   1.7967035e+00  -1.4065589e+00  -1.1299177e+00   6.3379742e-01
   2.0000000e+00   1.6865759e-01  -1.9255636e+00  -1.3744903e+00   1.2687314e+00   1.3250483e+00   2.6541566e-01
   2.0000000e+00   1.0002107e+00  -2.3188337e+00  -3.8744163e-01   3.2606825e-01   6.2377193e-02  -2.9063134e-01
   2.0000000e+00   1.4220845e+00   1.2061399e-01  -1.9549365e-01   4.6567799e-01  -5.3067321e-01   2.4504057e-01
   1.0000000e+00   7.7061476e-02  -6.3379092e-02   1.0616876e-01   5.9676341e-01  -6.0238386e-02  -8.3868425e-01
   2.0000000e+00  -3.5654580e-01  -6.1463279e-01   7.3214250e-01  -1.7383589e+00  -2.0822426e-01  -9.7245658e-01
   2.0000000e+00   5.0256902e-01   1.2537172e+00  -2.8490741e-01  -2.4007127e-01  -1.8455603e+00  -8.5527872e-01
   1.0000000e+00   2.3850966e+00   9.0206619e-01   1.4590847e-01  -8.4888381e-01  -9.7959084e-01   1.0244556e-01
   2.0000000e+00  -2.5317832e+00  -3.1651503e-02   1.0285626e+00  -5.3269438e-01  -4.1505907e-01   1.6705471e+00
   2.0000000e+00   2.0351047e+00  -1.0604714e+00   1.2661906e+00  -1.9702273e+00   1.1632890e+00   1.8894638e-02
   2.0000000e+00  -4.8981492e-01   1.9381467e+00   8.6398202e-01  -1.8506212e-01  -2.0188296e-01  -7.5536010e-01
   1.0000000e+00  -1.0895522e+00  -8.3616493e-01   1.5566779e-01   7.2653031e-02   9.7384801e-01   8.0243391e-01
   1.0000000e+00  -2.1834380e+00   2.0187032e+00   7.7771613e-01  -1.5413885e+00   3.9547302e-01   4.3826949e-01
   2.0000000e+00  -8.8218191e-01  -3.5148692e-01  -1.2203250e+00   1.8680145e-01   2.1291288e+00   1.3083306e+00
   2.0000000e+00   1.2315106e+00  -5.0279542e-01  -2.9415300e-01  -4.2088873e-01  -1.0993396e+00  -6.4614825e-02
   2.0000000e+00  -6.5039620e-01  -7.8287728e-02  -1.7429080e-01   1.3941735e+00   4.8563274e-01  -7.7645816e-01
   1.0000000e+00  -7.4607368e-01   1.3296825e+00   8.3672030e-01  -3.0841413e-01  -6.9470241e-01   4.5987892e-02
   1.0000000e+00   5.1981347e-01  -2.5129517e-01   2.1358168e-01   6.7503069e-01   7.6278003e-01   1.8356925e-01
   1.0000000e+00  -1.0711619e+00   9.4783312e-01   5.0439441e-01   4.0899984e-01  -2.0642440e-01   8.5278695e-01
   2.0000000e+00   1.9624233e+00   1.4638569e+00  -6.7954274e-01   4.0261207e-01  -4.3407850e-01  -1.1996467e-01
   2.0000000e+00   1.0075679e+00  -3.1751454e-01  -7.7861675e-01   2.5474778e-01   1.0238231e-01  -2.0674410e-01
   2.0000000e+00  -1.8127412e-01   1.3821562e+00  -1.3910258e-01  -8.5803715e-01  -3.8988851e-01   9.0086443e-01
   1.0000000e+00   5.4115450e-01  -4.2471353e-01   4.7368901e-01   1.3871921e+00   2.0185975e-02   3.2074414e-01
   2.0000000e+00   6.4885941e-01  -3.7318729e-01  -5.8015188e-01   1.8193415e-01   2.7714053e-02   1.2480982e-01
   1.0000000e+00   3.7162171e-01   1.4625813e+00   4.3580505e-01  -2.2630501e-01  -1.1220947e+00  -4.5458497e-01
   2.0000000e+00  -1.9843709e+00  -3.1581309e-01  -7.7745295e-01  -1.2297065e+00  -1.1095979e+00   7.1060202e-01
   2.0000000e+00   1.2617846e+00   5.7029755e-01  -1.4256436e+00   6.4385057e-01  -8.4853824e-01  -3.2068924e-01
   2.0000000e+00   1.7859790e+00  -1.2148797e+00  -6.8112923e-01  -1.1404128e+00   1.8472408e+00  -1.6092058e+00
   2.0000000e+00  -8.3885901e-01   1.3667598e+00  -5.1806878e-01   1.1257493e+00  -6.1005102e-01  -1.7278344e+00
   2.0000000e+00  -1.2643118e+00  -9.9928001e-01   1.2273538e+00  -6.4993075e-02  -9.8835629e-02  -7.7783952e-01
   2.0000000e+00   1.8558133e+00   6.5526711e-01  -4.5689457e-01   8.3948295e-03  -2.0541045e-01   6.4638576e-01
   2.0000000e+00   7.5041151e-01  -2.0486990e+00  -8.0123271e-01   1.3048196e+00   1.9989848e+00   6.3874558e-04
   2.0000000e+00  -5.3104212e-01  -4.3706688e-01  -1.4954935e+00  -2.2729414e-01  -2.4115884e+00  -3.1569610e-02
   2.0000000e+00  -9.5226475e-01   2.5162225e-01  -9.4338303e-01   9.1909482e-01   1.7008601e+00  -2.6515916e+00
   2.0000000e+00   7.3024475e-01   2.2590872e-01  -7.6878910e-02  -8.3833001e-01   2.0971687e+00   7.5976132e-01
   2.0000000e+00   1.6926965e+00   2.5617959e+00  -4.3254759e-01  -1.4312347e+00  -8.4832996e-01  -1.1149686e+00
   2.0000000e+00   1.7475610e+00   1.6128649e-01   5.4656180e-01  -1.5802631e+00   4.6422357e-01  -8.9098472e-01
   2.0000000e+00   1.1201881e+00  -5.6423464e-01  -4.1747859e-01  -3.3183365e-01  -7.8653964e-01  -1.2315257e+00
   2.0000000e+00   1.5601021e+00   1.9450807e+00  -1.5825837e+00   7.0571306e-03   1.7064631e+00  -9.8200009e-02
   1.0000000e+00  -1.1057093e+00   5.4909412e-01   3.1268934e-01  -4.4104454e-01  -1.7505666e+00  -1.9986688e-01
   2.0000000e+00   5.3755527e-01  -1.6358041e+00  -1.5878132e+00   6.4110131e-02   8.4037667e-01   8.1596109e-01
   2.0000000e+00   3.9483936e-01  -5.8492218e-01   5.7387565e-01  -1.1587590e+00  -8.6975861e-01  -1.6673676e+00
   2.0000000e+00  -6.9096692e-01   9.8645029e-01  -2.6062454e-01   7.6638523e-01  -2.3558155e+00  -4.6518920e-01
   1.0000000e+00   1.6064924e+00  -7.4803784e-01   2.7985933e-01  -9.8684575e-02   1.1594899e+00  -3.2444344e-01
   1.0000000e+00   7.3999520e-01  -1.9171070e+00   1.1215947e-01   8.2433145e-01  -2.6361008e-01   9.6471884e-01
   1.0000000e+00  -2.0014269e+00  -2.1934346e-01   7.6512628e-01  -6.5847935e-01  -1.2745610e+00  -1.6651433e-01
   2.0000000e+00   9.5681260e-01  -2.0586003e+00  -1.1062344e+00   1.5984434e+00   8.3190576e-01   1.3206666e+00
   2.0000000e+00  -6.0215502e-01  -1.6015537e-01   6.7179234e-01  -1.3804669e-01   2.1692440e+00   8.8401431e-01
   1.0000000e+00  -1.1275234e+00  -7.7840071e-01   2.3004428e-01   1.3910042e+00   2.2914939e-01   3.8635854e-01
   2.0000000e+00  -6.1805091e-01   2.7678719e-01   1.5118319e+00  -4.8834047e-01   1.2543534e+00  -3.4202130e-01
   2.0000000e+00  -1.2690550e+00   1.5268813e-02  -8.3024614e-01  -1.0154486e+00  -5.4053515e-01   7.8155291e-01
   2.0000000e+00  -9.0125893e-02  -3.6173336e-01   2.3068233e+00   4.5551185e-01   7.5646624e-02  -1.2264537e-01
   2.0000000e+00   1.4044297e-01   1.2510238e+00  -1.6733234e-01  -1.1669835e+00   6.2479581e-03  -1.1072761e+00
   2.0000000e+00  -9.9015774e-02   2.6425537e-01  -4.8858482e-01  -1.1010243e+00   1.9893730e+00  -1.5385647e-01
   2.0000000e+00  -2.3648011e-02  -8.4528418e-01  -9.0745707e-01   2.5730890e-01   2.9003303e+00   1.6943896e-01
   2.0000000e+00   1.1880336e+00  -2.1625196e+00  -5.9657324e-02  -7.3459312e-01  -1.4521597e-01   1.1377437e-01
   2.0000000e+00  -1.6064439e-01   1.8356425e-01  -2.6923003e-01   5.3601101e-01  -1.5391677e+00   7.0591971e-01
   2.0000000e+00  -5.2978697e-01  -1.7370765e+00  -4.7616350e-01  -1.3834560e+00  -4.6621525e-01   1.5165453e-01
   2.0000000e+00  -1.6629342e+00   1.6992552e+00  -1.0228551e-01  -1.2725181e+00   1.0572472e+00   1.2053379e+00
   2.0000000e+00  -7.2453216e-01   9.3406510e-02  -2.1220906e-02  -4.0846076e-01   4.4427867e-02  -1.5126458e+00
   2.0000000e+00   7.6860835e-02  -6.2056234e-01   1.5404609e-01   1.4881358e-01  -4.1389193e-01   1.1644470e+00
   2.0000000e+00   1.8540368e-01   9.0149105e-02  -1.2241676e+00  -1.7776403e+00  -6.7594448e-01   7.4538033e-01
   2.0000000e+00   3.0957145e-01  -1.2164372e+00  -1.5388106e-01  -2.4445249e-01  -1.6566448e+00   8.6011478e-01
   1.0000000e+00  -8.3497735e-01   1.0009652e-01   9.0830239e-01  -5.0270544e-01  -1.0554419e+00   2.6159782e-01
   1.0000000e+00   1.6326064e+00  -1.4405683e+00   5.1415276e-02   1.7440606e-02  -9.0404137e-01  -4.3204739e-01
   2.0000000e+00   1.0634656e+00   4.0028709e-01   3.7497417e-01  -7.5340963e-02  -8.8101159e-01   1.2548155e+00
   1.0000000e+00   1.3523935e+00  -2.5795097e-01   7.7603219e-01   3.3166185e-01   2.0358709e-01   2.8633657e-01
   2.0000000e+00  -5.9842547e-01   1.2416454e+00  -2.2119053e-01   1.9389548e-01  -1.3975284e+00   4.4621864e-01
   2.0000000e+00   1.6606248e+00  -7.2893157e-01  -2.0249485e+00   1.7929558e+00   8.2822492e-01   8.7867362e-01
   1.0000000e+00   5.4579508e-01   7.1450475e-01   1.1738354e-02  -7.5483016e-01  -1.3173019e+00  -6.7128976e-01
   2.0000000e+00   2.2603103e-01   8.0233571e-01  -4.5165682e-01   1.4793707e-01   5.9776557e-01  -2.9770315e-01
   2.0000000e+00   2.1858724e-01  -1.6874017e-01  -3.3631621e-01   1.5863913e+00   1.3532963e-01   9.9173923e-01
   2.0000000e+00  -4.1263966e-01  -2.2200253e-01  -4.1170109e-01   1.1561170e+00   1.5361506e+00  -6.7732455e-01
   2.0000000e+00   4.9250713e-01   1.4528258e-02   2.3080699e+00  -7.0943103e-02   4.6191244e-01   8.1544282e-02
   2.0000000e+00  -2.9354993e-01   8.2097729e-01   2.4955295e+00   1.1512308e+00   1.4027426e+00   6.6411675e-02
   1.0000000e+00   3.7491502e-01   2.0444595e-01   5.8555721e-01   3.6144941e-02  -7.2802449e-01   5.8358390e-01
   1.0000000e+00   1.1447919e-01   1.4043452e+00   1.2272494e-01  -6.6071843e-01   1.1950917e+00   9.1498456e-01
   2.0000000e+00  -5.6320434e-01  -1.3930635e-01   9.4216810e-01  -7.2704842e-01  -1.2096625e-01  -6.1519408e-01
   2.0000000e+00  -2.5142939e-01  -5.0995329e-01   5.9225143e-01  -7.8057359e-01  -1.2657150e+00   1.0107608e+00
   2.0000000e+00   2.6988356e-01   1.1953732e+00  -1.1454217e-01   6.3837398e-01   1.5833660e-02  -1.1544175e+00
   2.0000000e+00  -3.7828268e-01   1.5564800e+00   7.5231346e-01  -3.3681430e-01  -2.6869029e-01  -9.2486872e-01
   1.0000000e+00  -1.5607423e+00   1.0662351e+00   4.6267867e-01   2.4324210e+00   1.5422150e+00   3.3397472e-01
   2.0000000e+00  -4.2535550e-01   8.1823832e-01  -1.6385388e+00  -8.3326997e-01  -5.2099079e-01  -1.4174121e+00
   2.0000000e+00  -9.7956841e-01  -4.0756606e-01  -2.4036370e-02  -2.9007032e+00   3.8086982e-01  -8.0890515e-01
   2.0000000e+00  -9.3368310e-01  -3.4609756e-01   2.0729907e+00   6.5465133e-01  -1.4128163e+00   9.4578965e-01
   1.0000000e+00  -3.9690072e-01   6.5459257e-01   2.8374768e-01   1.7634181e-03   1.6383897e+00   8.3426507e-01
   2.0000000e+00  -1.3641883e-02   9.2549123e-02  -3.2182351e-01  -3.4653092e-01  -3.1051604e-01   1.1546763e-02
   2.0000000e+00   5.1167218e-01  -5.9880968e-01  -1.1264494e+00   5.7685308e-02   7.9128469e-01   1.0424971e+00
   1.0000000e+00   1.5815731e-01   1.5889892e+00   4.0369672e-01   2.0445011e+00   1.8184493e+00  -8.9428846e-01
   2.0000000e+00  -1.3718405e+00   1.1716794e-01  -1.8979191e+00   1.0838838e+00   5.6522522e-01   1.2766819e+00
   2.0000000e+00  -5.7633251e-01  -5.0629609e-01  -1.9234831e+00  -4.5904216e-01   7.4309431e-01   2.9439232e-01
   2.0000000e+00   2.7253409e-01  -7.6079100e-01   7.4834273e-01  -1.1896311e-01   9.0396236e-01  -1.0482894e+00
   1.0000000e+00   1.3499134e+00   2.4813342e+00   3.0685828e-02   6.9198804e-01  -5.2679158e-01   1.8836766e-02
   1.0000000e+00  -1.2526455e+00   5.7179376e-01   7.2582940e-01   1.8749010e+00  -9.7261014e-01  -4.7326097e-01
   2.0000000e+00   6.4836592e-01  -1.1268294e+00   8.4352258e-01   5.3109066e-01  -2.6796242e-01   1.9537079e+00
   2.0000000e+00  -1.7162581e+00  -2.4629646e+00  -5.3025343e-01   7.1911248e-01  -2.0388433e-01  -9.5616539e-01
   2.0000000e+00  -4.0723818e-01   8.9572289e-01   7.2872319e-01   9.4685733e-01  -9.7320193e-01  -1.3839971e+00
   2.0000000e+00   5.1939042e-01  -2.9437088e-01  -3.3994854e-01   1.6922999e+00  -2.3636301e-02   6.2552123e-01
   2.0000000e+00  -8.4110765e-01  -2.7682977e-01   1.3269553e+00  -6.6647263e-01  -3.6248893e-01   5.3247410e-01
   2.0000000e+00  -8.9720351e-01   1.1585428e+00  -1.2719230e+00   8.3414745e-01   6.7721054e-01  -3.4335006e-01
   2.0000000e+00  -6.5112573e-01   1.7192380e+00  -1.5380319e+00   7.5121919e-01   1.1796080e+00  -8.5345883e-01
   2.0000000e+00  -4.3932617e-01   1.3296124e+00  -5.1275276e-01   1.5634106e+00  -1.7726874e+00   4.3209385e-01
   2.0000000e+00  -6.7400109e-01  -2.8826747e-01   1.1750511e+00   6.9245464e-01   8.8284125e-02   6.5730158e-01
   2.0000000e+00  -3.6638205e-01  -4.3488036e-01  -5.5236176e-01   4.9028780e-01  -2.6193473e-01  -6.6875982e-01
   2.0000000e+00   2.6464975e-01  -4.4155049e-01  -2.4495119e-01   9.3113206e-01   2.5037655e-01  -1.6478728e+00
   2.0000000e+00  -8.7179056e-01   7.9921859e-02   1.8202754e+00   1.3373753e+00   5.3283246e-01   7.1617732e-01
   2.0000000e+00  -2.7194816e-01  -3.5390837e-01  -1.1674083e+00  -7.7639449e-02   5.4120820e-01   1.0513180e+00
   2.0000000e+00  -5.6423112e-01  -3.3022420e-01  -2.7850181e-01   5.9579180e-01   8.4293295e-01   4.5969862e-01
   2.0000000e+00  -8.3744001e-01  -7.4030001e-01   5.4203812e-01  -2.3317164e-01   2.4528933e-01   1.7375391e+00
   2.0000000e+00   2.8421339e-01   7.8985639e-01   7.7671860e-01   1.5080893e+00   8.3641016e-01  -1.1366102e+00
   2.0000000e+00   2.8913172e+00  -1.4527798e+00   6.8456014e-01   1.5886791e+00   2.2121436e-01   1.7623104e+00
   2.0000000e+00   2.0162708e-01  -8.9817675e-01  -3.8262239e-01  -1.1785132e+00   4.3104066e-01  -1.3501131e+00
   2.0000000e+00   7.6411474e-01  -1.3568184e+00  -8.2739591e-01  -1.9460264e-01   8.2599622e-01  -3.3324134e-02
   2.0000000e+00  -1.6098046e+00   1.7169577e+00  -1.6302755e+00  -1.2110852e+00  -1.1463809e+00  -4.8873597e-01
   2.0000000e+00  -3.9366229e-01   2.5793495e-01  -9.1255186e-01   5.4801357e-01  -9.2083673e-01  -1.9295178e+00
   2.0000000e+00  -1.0368789e+00  -2.6869148e+00  -4.6658518e-01  -1.6448321e+00   4.5022818e-01  -7.5988962e-02
   2.0000000e+00  -1.3722983e+00   5.0840288e-01  -1.5618541e+00   1.0903627e+00  -4.6757594e-01  -1.4070857e-01
   2.0000000e+00  -2.1106395e-01   8.4096141e-01  -1.2208116e+00  -8.7327869e-01   1.5013568e+00   9.0838714e-01
   2.0000000e+00  -7.1598228e-02   5.3261180e-01  -7.8834889e-01  -1.6074419e+00  -4.1465849e-01   5.8046297e-01
   1.0000000e+00   8.4694363e-01   9.7311507e-01   1.2853242e-01   1.2300328e+00   1.1894583e+00   7.0840036e-02
   2.0000000e+00  -1.3013204e+00   1.0951149e+00  -2.5684077e-01  -1.0251048e+00   6.8431770e-01  -5.7418966e-01
   2.0000000e+00  -1.7803648e+00  -4.6783214e-01   1.9960183e+00   6.4332597e-01   8.6069070e-01   6.1692217e-01
   2.0000000e+00   1.0879729e+00  -2.0664382e+00  -1.2867771e+00  -1.2658891e+00   4.7926231e-02   8.8332758e-02
   2.0000000e+00  -3.3403005e-01  -1.0009055e-01   1.4182645e+00  -2.0876613e-02  -1.4667317e-02  -8.3743084e-01
   1.0000000e+00  -1.1580879e+00  -4.9350004e-02   4.5228976e-01   9.3271026e-01  -1.0700645e+00  -1.0370890e-01
   2.0000000e+00   5.9728298e-01   2.1337855e-01   5.7739446e-01   1.0044626e-01   7.2778033e-01   8.5668397e-01
   2.0000000e+00  -2.2795760e+00  -3.9475543e-01   9.8377047e-01  -3.1811268e-01  -1.1185133e+00   2.4678425e+00
   2.0000000e+00  -7.4883018e-01   1.9326882e-01   8.4953455e-02  -1.2744050e+00  -1.0106805e+00  -2.0795793e+00
   2.0000000e+00   3.6990562e-01  -7.4925678e-02   1.5832445e+00   6.0649923e-01   6.7526646e-01  -8.4762473e-01
   2.0000000e+00  -8.4785162e-01  -6.2967383e-01  -1.5108588e+00  -9.8796878e-01   1.0612921e+00   3.0911755e-01
   2.0000000e+00   5.9385278e-01   1.5867250e-01   1.0453217e-02   1.8501931e-01  -4.2879873e-01  -1.2194665e+00
   1.0000000e+00   3.6870430e-01   4.4721076e-01   4.9254337e-01  -5.2108136e-01  -3.2185742e-01  -3.2022075e-01
   2.0000000e+00  -7.0792857e-01   9.8302418e-01  -1.2869635e+00   5.5310825e-01  -9.5495468e-01  -3.1170955e-01
   2.0000000e+00   2.0156480e+00  -1.0218396e-01  -3.8411076e-01  -2.9081929e-01   3.8700153e-01  -1.4979993e-01
   2.0000000e+00  -1.5525698e+00   9.9626443e-01  -2.1137166e+00   1.4739243e+00   1.0703305e+00  -4.7060171e-01
   1.0000000e+00   6.5165952e-01  -1.2779355e+00   6.6944260e-01  -2.3732028e-01   7.7106084e-01  -6.7246412e-01
   2.0000000e+00  -1.0366807e+00   6.5255932e-01   1.9098714e-01   1.0911316e-01   6.3722976e-01  -1.6159869e+00
   2.0000000e+00  -8.9126027e-01   9.6472214e-02   5.0957894e-01  -1.0064159e-01   6.9430076e-01   1.1387313e+00
   2.0000000e+00   6.2209920e-02  -1.2580495e-01   1.6676658e+00   3.8395991e-01  -4.8305192e-01  -9.3827192e-01
   1.0000000e+00  -5.2391051e-02   2.9129016e-01   1.0480974e-02   2.7623380e-01  -1.6573614e+00  -6.0666004e-02
   2.0000000e+00   5.5546335e-01   9.0745629e-01  -5.6900762e-01   1.9387650e-01   1.2009431e+00   1.3857026e-02
   2.0000000e+00  -6.3191873e-01   1.7678850e-02  -9.5099352e-02  -2.3139470e-02   8.1574532e-01  -3.2567009e-01
   2.0000000e+00   2.6870730e-01  -1.5151300e+00   5.5096042e-01  -1.0198174e-01  -7.2376585e-01   2.4017496e+00
   1.0000000e+00  -1.2181158e-01   1.1769655e+00   3.3035974e-01   1.3499958e-02   2.9205262e-01  -8.9851527e-01
   2.0000000e+00  -2.1888031e+00   2.2946364e-01  -1.1299218e+00   1.8106769e+00   4.5952365e-01   2.1956787e+00
   2.0000000e+00  -1.0256359e+00   7.5236118e-02  -5.5828037e-01  -7.4467897e-01  -7.8911206e-02  -1.0260591e+00
   2.0000000e+00   5.4326612e-01  -4.0884233e-01  -5.5776043e-01   7.4915130e-01  -9.2040518e-01  -5.8614522e-02
   2.0000000e+00   5.7436891e-01   3.8754019e-01  -5.7370962e-01   8.7475100e-01   1.4705757e-01  -3.7907229e-01
   2.0000000e+00   1.6590948e-01   5.6415438e-01  -1.0387538e+00  -3.1184506e-01  -1.9500957e-01   1.2585984e-01
   2.0000000e+00  -2.8739712e+00  -1.9869261e-01  -8.5885782e-01  -2.2557784e+00  -3.1340740e-01  -8.6297697e-01
   2.0000000e+00  -5.1056143e-01   1.7518331e+00  -1.5352864e+00   7.7811693e-01   8.9557622e-01  -2.4657186e-01
   2.0000000e+00  -1.9668818e-01  -4.7604437e-01  -1.5360327e+00  -9.9618464e-01   5.2710623e-01   4.8426342e-01
   2.0000000e+00  -1.1202730e-01   6.3598135e-01   1.1824774e+00  -1.6804144e+00  -8.2069310e-01   1.4393730e+00
   1.0000000e+00   1.1848974e+00   8.2895367e-01   1.9087614e-01  -1.2510764e+00   1.3121791e+00   2.0022935e-01
   2.0000000e+00  -9.5391394e-02   7.2223748e-01  -5.7765013e-01   2.0919967e+00   2.0807730e-01   1.5485328e+00
   2.0000000e+00  -8.2544932e-01  -3.4688510e-01  -6.5153676e-02   7.0094372e-01   3.5975322e-02   6.2475402e-01
   2.0000000e+00   8.3900246e-01  -1.2666376e+00   1.4196527e+00  -1.5947419e+00  -1.6835028e-01   1.6343777e+00
   2.0000000e+00   1.2330785e+00   7.9938292e-01   7.1306110e-01  -1.5057838e-01   1.4967422e+00  -9.6016488e-01
   2.0000000e+00   1.3844871e-01  -4.1529982e-01  -3.8537986e-01  -1.4362422e+00   9.3539843e-01   1.3131414e+00
   2.0000000e+00  -1.1840289e+00   1.2593149e+00  -1.3416495e-01   5.7994781e-01   9.4664034e-01  -2.2776309e+00
   2.0000000e+00   1.0765060e+00  -1.3532031e+00  -2.2414367e-01   1.3936714e+00   6.8160034e-01   1.2064931e+00
   2.0000000e+00   2.0303905e-01  -7.1954556e-01   1.7608283e+00   2.3440756e-01   6.2308592e-01   1.5006642e+00
   2.0000000e+00   3.5803642e-01  -1.2812745e+00  -5.9780961e-03   2.5646533e+00  -3.9276898e-01  -5.6710200e-01
   2.0000000e+00  -8.4335364e-01   3.2127267e-01  -1.0651737e+00  -1.4303698e+00   1.3327059e-01  -1.8843435e-01
   1.0000000e+00  -1.4041616e-01  -9.3953705e-01   2.9836279e-01   6.4437651e-01   1.5469290e+00   7.9803129e-01
   2.0000000e+00   5.9238531e-01  -3.0467004e-01  -9.9670917e-02   1.3005814e+00  -1.3066096e-01   4.4188661e-01
   2.0000000e+00  -9.4177597e-01   3.8194885e-01  -5.7338491e-01  -1.2532491e-01  -1.0803004e+00   2.3455900e-01
   2.0000000e+00   3.1487307e-01  -2.7693368e-01  -8.8252866e-01   4.4269370e-01   3.4937168e-01  -2.2450147e-01
   2.0000000e+00   1.1648485e+00  -4.6322424e-01  -5.8542626e-01  -1.0744467e+00  -6.2102259e-02   1.2471381e-01
   1.0000000e+00  -2.4446037e-01   3.9012818e-01   3.3327048e-01  -9.8639811e-01   1.5433181e+00   4.2761483e-01
   1.0000000e+00  -2.5989121e-01   5.5709365e-01   9.7364951e-01  -1.1919191e+00   7.8519073e-01  -1.1822317e-01
   2.0000000e+00   1.9406175e+00  -5.9921470e-01   1.1156287e+00  -5.7414347e-01  -5.1595588e-01  -2.4503654e-01
   2.0000000e+00   4.5743152e-01  -3.0521992e-02  -2.8933908e-01  -7.1291849e-02   3.8880471e-01  -7.7593053e-01
   2.0000000e+00  -2.8956814e-01   1.2015462e-01  -7.6677211e-02  -6.1575356e-01   5.7899398e-01   6.9541761e-01
   2.0000000e+00   1.0384370e+00  -2.5982441e+00  -3.7378846e-01   8.3895313e-01   9.4273592e-02  -3.4106575e-01
   2.0000000e+00  -2.6649892e-01  -1.0265941e+00  -1.6626728e-01  -2.9105901e-01  -1.0765225e+00   2.5557510e-01
   2.0000000e+00  -4.7270903e-01   1.1748627e+00  -2.7326595e-01   2.1385121e-01  -1.3101969e+00   7.5683636e-01
   1.0000000e+00   5.6711346e-01  -1.2509864e+00   7.1990943e-01  -9.5970936e-01  -3.6795494e-01   4.6109598e-01
   2.0000000e+00  -1.9012815e-01   5.5598406e-01  -3.0911436e-01  -3.2277009e-01   1.0456909e+00  -2.0327024e+00
   2.0000000e+00  -1.3530354e+00  -2.1652935e-02  -1.7744353e+00   7.8637184e-01  -9.5563883e-01   3.9282344e-01
   2.0000000e+00   8.1430524e-01  -1.0525423e+00   1.3894344e+00  -3.1793348e-01   1.4780310e+00  -6.5856382e-01
   2.0000000e+00  -7.1366809e-03  -6.2902020e-01   1.5367418e+00  -1.1952744e+00  -2.0398037e+00   3.0634619e-01
   2.0000000e+00   2.2910126e+00   1.0925130e+00   1.2306927e+00  -7.6153439e-01  -4.1581573e-01  -9.2620008e-01
   2.0000000e+00   2.7618150e-01  -6.1447877e-01  -7.6794905e-01  -6.0746142e-01   1.7276425e+00  -5.3337053e-01
   2.0000000e+00   1.4474647e-01   8.5728054e-01  -1.8808322e+00  -1.9297670e-01   1.8821869e+00   1.1089263e+00
   2.0000000e+00   1.8527706e-01  -1.1616375e+00   1.1761139e+00  -5.3863190e-01   1.3911853e+00   1.0520206e+00
   2.0000000e+00  -2.6031858e-01  -1.1447197e+00  -1.1015974e+00   1.1049448e+00   6.3755583e-01   1.6590793e-01
   2.0000000e+00   1.4787558e+00   8.7584623e-01  -2.2535968e+00   1.3555418e+00   2.0392561e+00   4.1819982e-01
   2.0000000e+00   1.0807238e+00  -1.3273842e+00  -9.6528848e-01   5.6609008e-01  -1.6120515e-01   9.4160400e-02
   2.0000000e+00  -7.4752875e-01   6.3037866e-01   5.9165089e-01  -1.2619716e+00  -3.8968759e-01  -1.1684731e+00
   2.0000000e+00   1.0417478e+00   1.6899802e+00  -1.8555624e-02   1.8391823e-01   6.9871907e-01  -9.2424580e-01
   2.0000000e+00   1.2626087e+00  -6.9998503e-01  -3.0031529e-01  -3.7561008e-01  -1.2326265e+00   8.8584879e-02
   2.0000000e+00   9.9749169e-01   3.3426077e-01   4.7355232e-01   1.7921074e-01   1.2312781e+00  -2.2797594e+00
   1.0000000e+00   1.4559828e+00  -2.9671576e-01   3.5121606e-01   1.1435858e+00   9.6270515e-02  -2.0405571e-01
   2.0000000e+00  -9.4284122e-03   1.3332153e+00   1.8739209e+00  -1.4642059e+00  -2.2919865e-02   1.5815273e+00
   2.0000000e+00  -5.0114065e-01  -8.2091854e-02   1.2111024e+00  -6.9226658e-01  -2.6084099e-01  -1.0667994e+00
   2.0000000e+00   1.1460784e-01   1.4282254e+00   8.7468852e-01   5.0435287e-01   3.8466007e-01   9.3452023e-01
   1.0000000e+00   1.4189879e+00   4.0680623e-01   4.7183927e-01  -7.7503500e-01   5.0260971e-01   5.7553029e-01
   2.0000000e+00   2.0412460e+00   5.8303901e-01  -2.8768796e-01   1.7155187e+00   1.7572041e+00   3.6611151e-01
   2.0000000e+00  -1.5434151e-01   8.0192547e-02  -3.9587740e-01  -6.8618819e-02  -2.0856180e+00  -8.0583826e-01
   2.0000000e+00  -8.3326476e-02   5.2512025e-01  -3.7943023e-01   3.4800637e-01   8.6465009e-02   4.1793220e-01
   2.0000000e+00  -3.4791238e-01   9.2823123e-01   1.4467584e+00   3.0315884e-01  -1.1328022e+00   4.8213000e-01
   2.0000000e+00   5.9452896e-01  -4.7364719e-01  -6.9186264e-01  -6.7093193e-01   4.9177855e-01  -9.6326642e-01
   2.0000000e+00  -5.3934194e-01   7.2374469e-01  -2.6608980e-01   2.2475793e+00   9.0344058e-01  -1.1417653e+00
   2.0000000e+00   2.8800408e-01  -8.8961839e-01  -3.0010449e-01   3.5551513e-01   7.4481965e-01  -2.2841298e+00
   1.0000000e+00   5.0002228e-01  -1.4805390e-01   6.6179032e-02   6.0223104e-01  -1.2947298e+00  -5.9653905e-02
   2.0000000e+00   9.2308290e-01  -5.0896484e-01   4.5948311e-01   3.3688132e-02  -4.2080332e-01  -1.3416321e+00
   2.0000000e+00  -2.7366709e-02  -1.5001677e+00   1.7450401e+00  -7.2861232e-01   2.1775572e-01  -9.5604280e-02
   2.0000000e+00  -5.0723500e-01  -6.4704945e-01  -9.5185826e-01  -1.5130812e-01   9.5164434e-01   9.6870753e-01
   2.0000000e+00   1.5694856e-01   1.7695532e+00  -1.0267041e-01  -1.4038603e+00  -6.3934440e-01   2.3512515e-01
   2.0000000e+00   6.1103284e-01   1.3094723e+00   2.3727573e+00  -1.2207614e+00  -1.0477274e+00  -7.6240130e-01
   2.0000000e+00  -4.3040848e-01  -3.0487798e+00  -5.1798339e-01  -4.2473997e-01  -2.3814612e+00   3.1850259e+00
   1.0000000e+00   5.2131057e-01   6.6147543e-01   7.4103735e-01   1.9203466e-01   1.3850810e-01   3.4328059e-02
   2.0000000e+00   4.1468434e-03  -4.9193276e-02   1.1072576e+00  -1.3228532e-01  -4.1190164e-01   3.5219910e-01
   2.0000000e+00   2.4552765e-01   9.3301403e-01  -8.7877251e-01   1.3389482e+00  -7.2385055e-01  -5.9712846e-02
   1.0000000e+00   2.2481218e+00   1.1557711e+00   1.5111514e-01   2.2465169e+00  -9.6745474e-01   5.1907471e-01
   2.0000000e+00   1.7316961e+00  -5.3362700e-01  -1.5858555e+00  -4.1623759e-01   3.0261842e-01   1.0263853e+00
   2.0000000e+00   2.3928132e+00   1.8927976e-01  -1.3266238e+00   4.3244577e-01   6.8775633e-02   9.7023304e-01
   2.0000000e+00   6.4759127e-01  -1.0178702e-01  -4.9176805e-03   1.1684971e+00   6.1974164e-01   1.1346828e+00
   2.0000000e+00   2.4887119e+00  -8.0277744e-02  -4.1309061e-01  -1.0973620e+00   3.7476002e-01  -2.8224762e-01
   2.0000000e+00  -1.1230535e-01   1.3216293e+00  -1.1994013e+00   2.3143067e-01  -1.8062455e+00  -1.7421878e+00
   2.0000000e+00   4.4348140e-01  -1.2985281e+00  -4.4325217e-01   1.0376959e+00   8.6167566e-01   5.0232179e-01
   2.0000000e+00  -3.5253103e-01   6.9808865e-01   3.6159478e-01  -1.2537133e+00  -2.4868200e+00   1.5574113e+00
   2.0000000e+00  -7.2185068e-01   1.7730106e-01  -5.5587452e-01   4.4459282e-01  -1.1547655e+00   8.4035514e-01
   1.0000000e+00   7.2329002e-01  -1.9165903e+00   4.2133233e-02   1.0158004e+00   2.1951864e-01  -4.2583793e-01
   2.0000000e+00   1.9150262e-01   8.9147139e-01  -1.0840610e+00   5.0932516e-01   1.3063525e+00  -9.3620477e-01
   1.0000000e+00  -1.1546485e+00  -1.1329729e+00   1.4467220e-01   1.1460169e+00   1.3088407e+00   4.9174981e-02
   2.0000000e+00  -1.1805013e+00   2.9361217e-02  -1.4170011e+00  -4.5514164e-01  -1.1096690e+00   2.1173499e-01
   2.0000000e+00   9.7838843e-01  -6.0534535e-01  -1.0989716e+00   2.0623595e+00   2.1546842e+00  -1.2554584e-01
   2.0000000e+00   3.7181319e-01   1.1990039e+00  -1.3185309e+00   4.5855914e-01  -1.1742548e+00   1.0932397e-01
   2.0000000e+00   6.6533690e-01   9.4419399e-01  -4.3499444e-01   9.7732763e-02   1.0191898e+00   2.4073111e+00
   2.0000000e+00  -1.8394364e+00  -4.9446618e-01  -8.2846818e-01   1.6932475e+00  -1.2923184e+00   3.0765369e-01
   2.0000000e+00  -5.4920960e-01   3.2007313e-02  -5.2281237e-01  -1.7554839e-01   9.4952697e-02   1.1989431e+00
   2.0000000e+00  -1.3863326e+00   1.5164934e+00  -5.2257717e-02   1.9359941e-01   6.6472562e-01  -1.2762932e-01
   2.0000000e+00   1.1476361e-01  -8.2997440e-01   4.3908616e-01  -1.0970982e+00  -1.4514798e+00  -1.7653303e+00
   2.0000000e+00   5.2454942e-01   4.8469322e-01   1.5577559e+00  -1.7912071e-01  -6.9642423e-01   1.8173323e-01
   2.0000000e+00   4.7654798e-01   6.3557709e-01  -1.0955691e+00   7.2201990e-02  -4.9837277e-01   8.3504672e-01
   2.0000000e+00   1.0380007e-01   1.1783784e+00  -2.2016236e-01  -4.8558668e-02  -7.5752966e-01  -2.9952140e-01
   2.0000000e+00   3.2549330e-01  -7.5454624e-01  -9.5509658e-01   3.0642645e-01  -6.0771277e-01  -9.5397934e-02
   2.0000000e+00  -8.8665526e-01  -1.7755641e+00   3.5993665e-01  -5.4758045e-01   2.2405857e+00  -5.6071399e-01
   2.0000000e+00   1.1495707e-02   9.5689920e-01   4.8555836e-01  -4.9632643e-01  -1.5506851e+00  -1.2295508e+00
   1.0000000e+00   1.9149944e+00   3.2907607e-01   2.9512110e-01   6.3721309e-02   4.1365820e-01  -2.4350099e-01
   2.0000000e+00  -5.9539812e-01  -2.3415970e-01  -4.4336881e-01   2.5381040e-01   5.5340207e-01   7.7423878e-01
   1.0000000e+00  -1.4837576e-01  -6.3014049e-01   1.5066966e-01   1.1053347e+00   2.5470672e-01  -8.9368505e-01
   2.0000000e+00  -6.9757114e-02   2.3675932e+00   1.5058731e+00  -6.9766566e-01  -4.0563656e-01   5.8812979e-02
   2.0000000e+00  -7.7341695e-01   5.6508623e-01  -4.7068186e-01  -1.9316297e+00  -1.3552747e+00  -4.0896537e-02
   2.0000000e+00   8.2671149e-01  -7.6756894e-01  -6.6137483e-01  -1.2001914e+00  -9.5947865e-01  -6.5000659e-01
   2.0000000e+00   5.0398843e-01   9.0266810e-01  -2.0645736e+00   7.4281318e-01  -2.4540892e+00  -5.2982300e-01
   2.0000000e+00   2.1172963e+00   4.1319148e-01  -1.1529138e+00   6.0415269e-01   1.1768596e+00  -1.4851702e+00
   2.0000000e+00  -1.7340294e-01   1.2426244e+00   4.7510758e-01   1.8471984e+00   2.1660896e+00   2.3242312e+00
   2.0000000e+00   3.4536355e-01  -1.5287242e+00  -5.9270840e-01   1.1597959e+00  -3.8318315e-01   9.9389014e-01
   2.0000000e+00  -1.4181347e+00  -7.9315562e-01  -1.8652326e+00  -1.8658520e+00  -1.8615397e+00  -1.1369482e+00
   2.0000000e+00   6.3606610e-01   6.9514914e-01   1.9820917e+00   2.7304711e-01  -7.8295889e-01   1.4513872e+00
   2.0000000e+00  -8.5388400e-01   3.5412195e-02  -1.5695160e+00   2.6781593e-01   1.8849057e+00  -7.1502841e-01
   2.0000000e+00   5.9384010e-01   1.0586535e+00  -6.7657986e-01   4.3100116e-01  -9.1893907e-01  -8.6954224e-01
   1.0000000e+00  -1.0595712e+00   4.3941126e-01   3.5764472e-01   5.9617249e-01  -4.1655002e-01  -8.0273357e-01
   2.0000000e+00  -4.3241912e-01  -1.7649630e-01   1.8242449e+00   2.8572503e-01  -8.6201244e-01   5.8907239e-01
   2.0000000e+00  -9.6740669e-01   1.4494377e+00   8.3718310e-01   1.8365663e+00  -4.1128388e-01  -1.6571661e+00
   2.0000000e+00  -7.1579892e-01  -6.3036296e-02  -1.4698222e+00   5.0275041e-01  -1.3504446e+00   9.7242824e-01
   1.0000000e+00   9.1873148e-01  -8.6685346e-01   4.4137951e-02   1.5376932e+00  -1.6937356e+00   6.6325082e-01
   2.0000000e+00   6.9981629e-01  -7.6642938e-01  -4.4450057e-01   1.2911256e+00   7.9614161e-01  -6.6872875e-01
   2.0000000e+00  -7.8807427e-01   7.6889094e-01  -5.2985600e-01   3.0818747e-01  -1.2699070e+00   3.7984672e-01
   1.0000000e+00   7.3797331e-01  -5.9879403e-01   2.7854642e-01   1.7725374e+00   3.6753594e-01   2.6744791e-01
   2.0000000e+00   9.6160253e-01  -4.4166186e-01   1.5620631e+00  -2.8683395e+00   5.0869110e-01   9.0347340e-01
   2.0000000e+00  -1.8073102e-01   7.2346186e-01   3.1686328e-01  -4.3663312e-01  -3.8974927e-01   1.4421001e+00
   2.0000000e+00  -4.2847005e-01   1.6648147e-01  -1.6914921e+00   1.7927933e-02   7.6273253e-01   1.6920390e-01
   2.0000000e+00   9.1836403e-01  -3.9875512e-01  -3.8620053e-01  -4.4485266e-01   8.7728777e-01   4.2995230e-01
   2.0000000e+00  -8.4776417e-01  -1.5036778e-01   1.1660132e+00  -6.0392228e-01   9.0744290e-01  -6.4017781e-01
   2.0000000e+00   1.4226495e+00   1.9897808e+00   1.6314407e+00  -1.4756310e+00  -1.6705655e+00  -1.3179622e-01
   2.0000000e+00   1.8384036e-01  -3.9800003e-02  -1.3011644e-01  -4.8417381e-01   4.9454463e-01   1.7470512e-01
   1.0000000e+00  -9.2192401e-01  -3.5044139e-01   1.6153570e-02   2.8695560e-01  -1.5278309e+00  -3.6770277e-01
   2.0000000e+00  -6.1813548e-01  -1.0152571e+00   9.9598962e-01   8.2840273e-01   1.4162578e+00  -3.0568867e-01
   2.0000000e+00   1.4792569e+00  -1.9988834e+00  -3.3253295e-01   1.9517594e+00   4.7096714e-01  -3.9825148e-02
   1.0000000e+00   5.9104544e-02  -4.1096463e-01   9.0550328e-01  -9.5540895e-01   3.2163782e-01  -2.8573880e-01
   2.0000000e+00   1.0643645e+00   1.0974785e+00  -2.3505041e-01   1.6148196e+00  -1.3443640e-01   1.6488073e+00
   2.0000000e+00   1.6743227e+00  -4.6010850e-01   1.0333857e+00  -1.8458396e-02   1.7607232e-01  -2.4020046e-02
   2.0000000e+00   4.7975270e-01  -2.2150476e+00  -3.8967821e-01   1.2250847e+00   4.8074724e-01   1.0694578e+00
   2.0000000e+00  -1.1663807e-01  -9.1910506e-01  -5.4450105e-01  -1.6100984e+00   5.6257310e-01  -1.5016331e+00
   2.0000000e+00   9.9365888e-01  -1.3018359e+00   2.4495881e-02  -1.1583098e+00   2.5489257e+00   8.7986958e-01
   2.0000000e+00  -1.0865060e-01  -2.5936227e+00  -6.5667602e-01   1.0673892e+00   1.6522936e+00  -1.0647190e+00
   1.0000000e+00  -6.0640898e-01  -3.0939464e-02   1.0473709e-01  -5.3093897e-01   2.8636254e-01  -6.1226186e-02
   1.0000000e+00   5.6573669e-01   6.8657152e-01   6.0209086e-01  -1.8423760e-01  -7.1759913e-01  -4.8006785e-01
   1.0000000e+00  -1.1260258e+00   1.3635533e+00   6.5310828e-01   5.0374538e-01  -3.0445832e-01  -6.9337191e-01
   2.0000000e+00   1.3696194e-01  -1.1734353e+00  -4.2400843e-03  -6.8923884e-01  -8.2995815e-04  -1.9643753e+00
   2.0000000e+00   1.1387452e+00   7.1455259e-02   9.9881535e-01   2.4885761e+00  -9.2495085e-01   3.8500369e-01
   2.0000000e+00  -7.7810459e-01   3.3365946e-01  -9.2108148e-01   2.3125921e+00  -2.6324216e-01   1.9567518e-01
   2.0000000e+00  -1.1255240e+00   5.0498380e-01  -4.5656337e-01   1.3587362e+00  -1.5395649e+00   6.5521213e-02
   2.0000000e+00  -9.4791165e-01   8.7655648e-02  -7.6890653e-02  -2.6000434e-01  -2.6143636e-01  -3.2631562e-01
   2.0000000e+00   7.5365221e-01   6.7730467e-01  -1.2506253e+00  -2.7724474e-03   6.0400910e-01   9.0087282e-01
   2.0000000e+00   3.4224336e-01  -5.0837794e-01  -1.3051067e+00  -7.4492163e-02   4.7801018e-02   2.7764409e-01
   2.0000000e+00   2.3760682e-01  -5.5028428e-01   2.1556369e+00  -9.5790938e-01  -4.8101102e-01  -4.2834016e-01
   2.0000000e+00  -1.4264396e-01  -6.8217597e-01  -1.0379300e+00  -3.1588742e-01  -3.4270018e-01  -1.1246300e+00
   2.0000000e+00  -1.0096416e+00   8.9700729e-04  -5.7297725e-01  -1.9598516e-01   3.0642293e-01  -1.3154650e-01
   2.0000000e+00   2.6332580e-02  -5.3002880e-01   2.0072230e+00  -6.1760909e-01  -4.8878599e-01   1.6035916e-01
   2.0000000e+00   6.8845539e-01  -5.3589218e-01   2.7996405e-02   6.1920607e-02   2.5785827e-01  -1.6297936e+00
   2.0000000e+00   5.1841922e-01   9.0194156e-01  -6.2531071e-01   5.8037089e-02  -7.0321357e-02  -3.5438997e-01
   2.0000000e+00   1.7441855e+00  -4.8255964e-01   1.0187541e+00  -1.0723113e+00  -1.1230139e+00  -1.4201299e-01
   2.0000000e+00  -9.8931127e-01   1.3333048e+00   7.0355476e-02  -6.6787108e-02   2.0409990e-02   1.4136535e+00
   2.0000000e+00  -1.8700103e-01   1.7502157e-01  -1.5540936e+00   6.5121134e-02   7.0466474e-01   1.1267821e+00
   2.0000000e+00  -1.2200857e-01  -7.1005516e-01  -8.1184397e-01  -2.5959330e-02   1.1205386e-01  -1.7768741e-01
   1.0000000e+00   2.3615301e+00  -6.9672136e-01   6.8394266e-01   9.0456537e-01   1.9869865e-01  -2.4430714e-01
   2.0000000e+00   1.7130496e+00   9.3004592e-01  -4.4807136e-01  -1.1037131e+00   2.2909854e-01   2.9999653e-01
   2.0000000e+00  -1.5155778e+00  -9.5255047e-01   1.7401027e+00   4.6715386e-01  -1.4917236e-01  -3.3667116e-02
   2.0000000e+00   4.3069240e-01  -6.9883392e-01   1.4274250e+00   1.1821565e+00  -9.0331181e-01   5.9354515e-01
   2.0000000e+00   8.5566941e-02   4.3367514e-01   7.6292824e-01  -2.0248090e-01  -3.4688055e-01   1.5928074e+00
   2.0000000e+00   4.1390068e-01  -6.0769675e-02  -3.3217213e-01   5.2334771e-01  -7.4614412e-01  -1.7833808e+00
   2.0000000e+00   4.1524471e-01   4.6355701e-01  -1.1742223e+00  -1.4763557e+00   3.5817123e-01  -6.5417299e-02
   2.0000000e+00  -1.1577714e-02   3.4003144e-01  -1.9938158e+00  -4.9848628e-01  -1.6002048e+00  -7.9490719e-01
   2.0000000e+00  -6.9352607e-01  -9.9792397e-01   9.8458607e-01   1.2114076e-01   1.3772873e+00   4.2412166e-01
   2.0000000e+00   1.1480538e+00  -1.2906704e+00  -8.0093821e-01  -1.3004932e-01  -1.8002997e+00   1.4010334e-01
   2.0000000e+00  -1.5855915e-01   1.2593692e+00   1.4072923e+00   1.1066441e+00   1.1086213e+00  -7.2190026e-01
   2.0000000e+00  -1.1855499e+00  -3.0932030e-01   1.9010657e+00  -8.5541733e-01   1.5428386e+00  -5.9862318e-01
   2.0000000e+00   1.8305377e-01  -2.3832179e-01   5.9255263e-01   9.2495485e-01   1.0162142e+00   9.2433612e-01
   2.0000000e+00  -3.4221447e-01  -1.1586162e-01   2.8093570e-01  -5.3918142e-01  -2.2759177e+00   1.6677837e-01
   2.0000000e+00  -3.4471825e-01   1.8201845e+00  -1.9360407e+00   2.1732573e-01   9.5780359e-01   9.8875557e-01
   2.0000000e+00   1.1277488e+00   1.1756208e+00  -4.1253336e-02   1.4471786e+00  -1.3328396e+00  -4.8699443e-01
   2.0000000e+00  -1.6374635e+00  -5.2416216e-01  -4.5841889e-02   3.4419253e-02  -4.0305299e-01  -1.2157057e+00
   2.0000000e+00  -6.9743535e-01   1.1720528e+00  -2.3020424e-01  -1.6537772e-01  -4.7357192e-01  -2.7588186e+00
   2.0000000e+00   3.4872200e-01  -2.0822780e+00   1.0405701e+00  -7.4477896e-01  -1.5676532e+00  -1.1183901e+00
   2.0000000e+00  -9.7873448e-01   4.8224779e-01  -1.2568300e-01   2.9170097e-02  -5.1493510e-01   2.0116343e+00
   2.0000000e+00   2.2211708e+00   8.1880995e-02   1.6975268e+00  -1.9162240e+00   8.2669748e-01   1.6023680e+00
   2.0000000e+00  -4.7750907e-01  -3.5042675e-01  -7.0664215e-01   3.5866308e-01   1.1673024e+00  -3.8814027e-01
   2.0000000e+00  -1.8459753e+00  -1.0951211e+00  -2.0436885e-02   6.8757707e-01   9.9433891e-01  -1.1019094e-01
   2.0000000e+00   6.2605271e-01  -1.2278437e+00   9.4786957e-01  -3.1494454e-01   1.4034186e-01  -1.0261720e+00
   2.0000000e+00  -1.3887792e+00   8.4002546e-01  -2.7210116e-01  -8.4799563e-01  -4.9825652e-01   2.9452534e-01
   2.0000000e+00   3.1075577e-02   5.7810321e-01  -1.5361480e+00   6.1988704e-01   1.9594406e+00   5.4645616e-01
   2.0000000e+00   5.9169151e-01   1.0868197e+00  -1.0405271e+00   7.4797376e-01   6.9867452e-01  -9.8148100e-01
   1.0000000e+00  -1.7166144e+00  -1.0797914e+00   3.1698219e-01   1.9677834e-01   6.6163748e-01   8.9614420e-01
   2.0000000e+00  -8.2138353e-01   6.4579715e-02   1.1707491e+00  -2.0890882e-01  -2.5610936e-01  -2.3940510e+00
   2.0000000e+00   9.1520277e-02   6.8989123e-01   2.0583266e+00   3.3482065e-02   1.0980008e+00   1.2227836e-02
   2.0000000e+00   1.9939157e-01  -1.7446282e+00   5.7906583e-01  -1.9513713e+00  -6.7157157e-01  -1.5751108e+00
   2.0000000e+00  -7.7733083e-01  -2.7406015e+00   1.2233715e+00  -9.5889979e-01  -2.9474802e-01  -5.5111318e-01
   2.0000000e+00  -3.7285446e-01   1.8110590e+00  -4.0535167e-02  -9.4344979e-01  -6.7376403e-01   7.1818980e-01
   1.0000000e+00  -1.1092694e+00   3.5600378e-01   7.9441457e-01   2.1527979e-01  -3.3734014e-01   5.4334028e-01
   2.0000000e+00  -1.2070221e+00   1.8883917e+00  -2.7880326e-01  -7.7207305e-01   6.7691546e-01  -9.4952651e-01
   2.0000000e+00   7.0864156e-01   3.2209230e-01  -3.1952400e-01  -2.3695932e-01   8.3121959e-01  -1.4240964e+00
   2.0000000e+00  -7.9520906e-01   1.3275187e-01   8.3603223e-01  -1.6307639e+00   1.0141162e+00   7.6970500e-01
   2.0000000e+00  -8.1957362e-01   8.0252013e-01   1.8994256e+00   5.3199492e-01  -3.8533224e-01   1.1204365e+00
   2.0000000e+00   3.2330039e-01   3.9774937e-01  -3.2992308e-01   2.2796332e-01   1.1913263e+00  -4.0792280e-01
   2.0000000e+00  -1.0649602e-01   5.3416552e-01  -1.6020238e+00  -1.4709763e+00  -3.3163388e-01   8.4280326e-01
   2.0000000e+00  -3.5321275e-01  -1.2009036e+00  -1.2351717e+00  -8.0852831e-01   5.8092207e-02   1.2882576e+00
   2.0000000e+00  -3.2208812e-02   5.6112696e-01  -7.2262395e-01  -9.8872453e-02  -1.8797697e+00  -1.3090575e+00
   2.0000000e+00  -5.7021088e-01  -2.0323425e-01  -1.3213760e+00   7.8945399e-01  -9.3748145e-01   3.1295827e-02
   2.0000000e+00  -3.0024258e+00   9.4976722e-01  -3.8023365e-01   6.2059943e-01  -3.0279596e-01  -4.1480611e-01
   2.0000000e+00   1.5172453e+00   4.0334506e-01   1.6689612e+00  -6.6228040e-01   2.0607672e-01   1.0497025e+00
   2.0000000e+00   4.2912714e-01   4.8777564e-01  -2.2876521e-01   7.4208088e-01  -1.1994241e+00  -5.5253016e-01
   1.0000000e+00   1.6291786e-01   1.9003187e+00   8.9361639e-01   1.2651584e+00  -9.7011029e-01   2.2667368e-01
   2.0000000e+00  -1.7777373e-01  -6.4101576e-01  -4.1942360e-01   6.0815028e-01  -1.7391190e+00  -1.4860965e-01
   2.0000000e+00  -1.3016336e+00  -5.3569288e-01   9.8546032e-01   8.3061186e-01  -3.6073180e-01   4.7258365e-01
   1.0000000e+00  -2.5846265e-01   5.2287704e-01   7.2835146e-01   7.9440281e-01  -5.0714246e-01   3.7470328e-01
   2.0000000e+00   1.8215395e+00   9.5865419e-01   9.5830417e-01  -2.4477766e-01  -2.4385265e-01   7.8153070e-01
   1.0000000e+00  -3.8288846e-01  -1.0827476e+00   1.2166803e-01   6.7568520e-02  -1.4154195e+00   4.6062381e-01
   2.0000000e+00  -1.1055743e-01  -1.2604782e+00  -1.0856540e-01   5.8285910e-01   1.4898782e+00  -6.9144301e-01
   2.0000000e+00  -4.9077118e-01   1.7388052e+00   1.3926686e+00  -2.9250635e-01   2.9198133e-01   1.9747784e+00
   2.0000000e+00   8.2756541e-01  -1.2295919e+00   1.3744345e+00   8.3673678e-01  -4.2548705e-02   3.0695047e-01
   1.0000000e+00  -1.9807272e-01  -1.2181913e-01   2.6739378e-02  -1.7307542e+00  -6.8645735e-01   7.3388036e-01
   2.0000000e+00  -1.7019154e-01   2.5002311e-01  -8.3333608e-01  -1.1949640e+00  -2.7193837e+00   2.2479301e-01
   2.0000000e+00  -3.2881325e-01  -6.0844808e-01  -4.2722508e-01   1.0420302e+00   2.6929027e-01   8.0185472e-01
   2.0000000e+00   5.4999231e-01   3.6995575e-01  -4.2995423e-01  -1.0879373e+00   1.3414131e-01  -6.9207460e-01
   1.0000000e+00   5.0020973e-01   1.0723113e+00   3.6179724e-01   4.9575959e-01  -8.9025900e-02   6.8308845e-01
   2.0000000e+00  -1.9705806e-01  -1.6967478e+00  -8.7937308e-01  -1.9594060e+00   9.7129425e-01  -9.9855644e-01
   2.0000000e+00   6.9026992e-01   1.1836206e-01   7.6325754e-02   7.3607395e-01  -2.1281378e+00   9.7201633e-01
   2.0000000e+00   5.6792323e-01   1.2735539e+00   5.6089392e-01   8.2082029e-01  -2.2162403e+00   4.3808086e-01
   1.0000000e+00   1.7093901e-01   9.4321225e-01   2.6767003e-01   7.6679434e-01  -2.5690067e-01   9.4872086e-01
   1.0000000e+00  -9.1400559e-01  -1.9569492e+00   5.8824858e-01   4.7716220e-01  -6.3643530e-01   6.7296128e-01
   2.0000000e+00  -6.2630278e-01  -1.5469962e-01  -2.5269503e-01   1.5757923e-01   1.8707447e+00  -7.6927392e-01
   2.0000000e+00   1.7205351e+00  -1.1810430e+00   1.3919975e+00   1.0922291e+00   7.5682211e-02   1.1549677e+00
   2.0000000e+00   1.1913132e+00   2.0102634e+00   1.5676725e+00  -1.6959881e+00   1.7324665e+00  -8.0588609e-01
   2.0000000e+00   5.4738497e-02  -1.8515883e+00  -1.2569208e-01  -1.0136063e+00  -2.9779937e-01   2.2388925e+00
   2.0000000e+00   5.0769835e-01  -2.3155464e-01  -1.0610173e+00   4.5368944e-01  -2.9807988e-01  -2.3099992e-01
   2.0000000e+00   2.9792868e-01   1.0772903e+00   2.9471778e-01  -2.0441456e+00  -7.1668434e-01   2.3849364e+00
   1.0000000e+00   1.0700598e+00  -5.2111681e-01   3.7567529e-01  -6.5221723e-01   8.8956163e-01  -2.1309842e-01
   2.0000000e+00  -1.0268201e+00   7.9343777e-01   1.3713816e+00  -7.2120483e-01  -5.1895132e-01   1.4919180e+00
   2.0000000e+00  -7.6596010e-01  -6.9431229e-02  -1.6272912e+00  -7.1150319e-01   2.7635562e-01   2.4250425e-01
   2.0000000e+00   1.3453822e+00  -6.1507695e-01   1.3876708e+00  -1.3681499e-01   6.2444644e-01  -2.5316405e-01
   2.0000000e+00  -5.2909474e-01  -4.2888323e-02  -2.2564645e-01   1.8934888e+00  -1.6653798e+00   6.5512927e-01
   2.0000000e+00  -1.8470673e-01   1.0181374e+00  -9.5142554e-01   3.2864491e-01   1.0628149e+00   1.1240150e+00
   2.0000000e+00  -4.6553146e-01   2.0572452e+00  -4.7893813e-01   4.4842394e-01  -3.2391691e+00   3.4314417e-01
   1.0000000e+00   3.9230451e-02   2.7758135e-01   1.0376301e-01  -3.7707701e-02  -1.8004202e+00  -5.0611725e-01
   2.0000000e+00  -8.0128277e-01   2.5546279e-01  -2.3454653e-01   2.9509445e-01  -4.0724702e-01   4.8726827e-01
   2.0000000e+00  -2.5006790e+00  -2.3096256e+00  -8.4980829e-01  -7.5625848e-01   1.5362078e+00   1.9065547e+00
   1.0000000e+00   1.1485801e+00   5.9547815e-01   2.7173918e-01   1.5714640e+00   1.5873524e+00   4.7735152e-01
   1.0000000e+00  -1.3470472e+00   5.1462897e-01   3.8228862e-01  -2.2512547e-01   1.6382773e+00  -6.8390393e-01
   2.0000000e+00   1.2545785e+00  -5.5936273e-01   1.7365313e+00   4.6683055e-01  -1.1084025e+00   7.4826245e-01
   1.0000000e+00  -6.8233680e-01  -4.6306296e-03   7.1837716e-02  -1.5333323e+00  -5.8775742e-01  -5.6618570e-01
   2.0000000e+00   6.3698956e-01   1.5602606e+00  -4.3364250e-01   1.2999209e+00  -2.0659710e-01   6.3954283e-01
   2.0000000e+00   1.1677280e+00  -7.8337298e-01  -8.1681190e-01  -1.9962535e-01   1.5529198e-01  -6.4457764e-01
   2.0000000e+00   1.4187964e+00   2.1407542e-01  -3.7314460e-01  -1.5523353e+00   1.4779792e+00   6.4976272e-01
   2.0000000e+00   4.2822304e-01   1.3024037e+00  -7.0067171e-01  -1.2313261e-01  -5.4745380e-01   5.6495219e-01
   2.0000000e+00   1.2684997e+00   9.2499145e-01  -1.2968696e+00   9.5718059e-01   7.8260258e-01   5.0627534e-02
   1.0000000e+00   3.1907832e-01  -2.7200353e-01   2.1978585e-01  -7.9088302e-01   6.6488096e-01   6.5500844e-01
   2.0000000e+00   1.1087000e-01  -1.4441957e-02  -4.9125373e-02   2.1372502e+00  -3.3614235e-01   1.3057014e+00
   2.0000000e+00   1.3497324e+00   1.8083800e+00   1.4330850e+00  -8.1700758e-01   9.5558920e-01  -1.9816635e-01
   2.0000000e+00   1.6009610e-01   9.0542313e-01  -5.1021797e-01  -1.3023371e+00   3.3906364e-01  -9.1570330e-01
   2.0000000e+00  -1.7446759e+00   7.9391854e-01   1.5705103e+00  -4.4306704e-01   4.4705727e-01   1.0412046e+00
   2.0000000e+00   4.3346696e-02   1.3796330e+00   2.2510016e-01  -5.7829880e-01   2.1193778e+00  -7.7029853e-01
   2.0000000e+00  -1.5176066e+00  -4.1619868e-01  -2.6129638e-01  -2.3178645e+00  -1.6020305e+00   1.0214191e+00
   2.0000000e+00   9.9441820e-02   2.4678064e-01  -2.4394525e-01  -2.3882446e-01  -5.4808268e-02   1.8264872e-01
   2.0000000e+00   1.4188877e-02   7.1444020e-01  -1.5342867e+00  -8.9994307e-01  -1.7316750e-01  -1.1373079e+00
   2.0000000e+00  -4.1617627e-01  -1.3353330e+00  -8.2197931e-02   6.2743236e-01  -6.2884925e-02  -5.3367889e-01
   1.0000000e+00   1.4730263e+00  -3.7423855e-02   6.4347272e-01  -1.0042570e+00  -9.4582204e-01  -4.2123147e-01
   2.0000000e+00  -7.0515366e-01  -2.1434338e-01  -3.6570859e-01   1.2836105e+00  -9.8654664e-02  -7.3484790e-01
   2.0000000e+00  -7.5528268e-01   1.5920660e+00  -6.4583055e-01  -1.9499922e-01   7.1484498e-02  -1.9972582e-01
   2.0000000e+00  -4.1262156e-01  -1.5423654e+00   4.8975085e-01   2.9051547e-01   6.1540444e-02   2.0314431e+00
   2.0000000e+00  -5.9724100e-01  -2.0012591e-01  -5.5379603e-01   1.3509205e+00   1.2416081e+00  -1.6032010e-01
   1.0000000e+00   1.5711287e-01  -2.4498722e-01   6.2383953e-01   3.7439827e-01  -1.8708995e+00   5.3733938e-01
   2.0000000e+00  -8.7375579e-01  -1.7281073e+00  -4.4294695e-01  -3.7819988e-01   3.1545502e-01   2.7099770e-01
   2.0000000e+00   8.0221538e-01  -1.3173165e-01   1.6092991e+00   2.4726731e+00  -1.9095982e+00   6.6187331e-01
   2.0000000e+00  -9.1429555e-01  -5.0628200e-01  -1.0911363e+00   9.7823937e-01   1.4773938e+00  -7.3917200e-01
   2.0000000e+00  -4.2602873e-01  -7.6182020e-01   2.0116800e+00   1.4177401e+00  -1.3568270e+00   9.9015312e-01
   2.0000000e+00   2.1896832e-01  -5.9570032e-02  -9.8159448e-01   2.5738331e-01   2.0319442e-01   5.8901565e-01
   2.0000000e+00   1.3006619e+00   5.6942551e-01  -4.9554369e-01  -9.8494738e-01  -7.3159305e-01   1.2443772e+00
   2.0000000e+00  -4.7319879e-01  -1.4245514e+00   6.9247149e-01  -3.3656238e-01  -5.4781948e-01   8.0499268e-01
   2.0000000e+00  -5.3189316e-01  -3.9039400e-01  -6.0302666e-02   9.3231788e-01  -8.1277800e-01   1.3920108e+00
   2.0000000e+00  -1.8662059e+00   1.2523961e+00  -4.5342483e-01  -8.0061029e-01   5.2588454e-01   3.1395070e-02
   2.0000000e+00   6.5269722e-01   2.1399937e-01  -1.3843413e+00   7.6595299e-02  -1.7952275e-01  -9.7258999e-01
   2.0000000e+00   6.7973176e-01  -1.2999840e+00  -2.1516448e-01  -1.3064676e+00   1.9095625e+00   7.2440521e-01
   2.0000000e+00   1.4721205e+00  -1.0061642e+00  -3.1811227e-01  -5.2790277e-01   9.2109307e-01   2.2086895e+00
   2.0000000e+00  -5.4342626e-01   6.6595427e-01  -1.8824668e-01  -6.7727559e-01   1.1143027e+00   3.3279558e-01
   2.0000000e+00  -5.1392611e-01   3.5218836e-01  -1.6092032e+00   9.5561558e-01  -5.1582351e-01   1.0981301e+00
   1.0000000e+00   4.7501083e-01   1.5246479e+00   3.1316488e-03   6.2614172e-01   2.5600820e-01  -1.9912100e-01
   2.0000000e+00  -5.1633639e-01   6.3905381e-01  -1.5606536e-01  -9.7986369e-01   3.4774126e-01   1.3520000e+00
   2.0000000e+00  -8.5379508e-01  -6.6600080e-01   1.1087074e-01  -1.6824752e+00   8.4327701e-01  -2.4429736e+00
   2.0000000e+00   5.9219018e-01   7.3711803e-01   3.2952645e-01  -3.6257569e-01   6.2340765e-01   1.6815629e+00
   2.0000000e+00  -6.5379084e-01  -7.4630441e-01  -1.0013366e+00   5.8532194e-01   1.1800156e+00   5.9267726e-01
   2.0000000e+00   7.7715065e-02  -1.6685565e-01   1.2064775e+00   1.7248651e-01  -1.3677878e+00   1.1190791e+00
   2.0000000e+00  -4.1347432e-01   3.5062447e-01   3.9873165e-01   6.5688767e-02  -8.4460330e-01   1.2005636e+00
   1.0000000e+00  -2.4580779e-01   3.8205038e-01   2.9297268e-01   1.2284062e+00  -4.3745481e-01  -1.4412132e-01
